{
 "cells": [
  {
   "cell_type": "markdown",
   "source": [
    "### Package and Data Imports"
   ],
   "metadata": {
    "collapsed": false
   }
  },
  {
   "cell_type": "code",
   "execution_count": 1,
   "metadata": {
    "collapsed": true
   },
   "outputs": [],
   "source": [
    "import scanpy as sc\n",
    "from scipy.stats import spearmanr\n",
    "import seaborn as sns\n",
    "import matplotlib.pyplot as plt\n",
    "from sklearn.feature_selection import mutual_info_classif\n",
    "from sklearn.model_selection import train_test_split\n",
    "from imblearn.over_sampling import RandomOverSampler\n",
    "import scipy as sp\n",
    "import torch\n",
    "import numpy as np\n",
    "import pandas as pd\n",
    "\n",
    "from sklearn.ensemble import RandomForestClassifier\n",
    "from sklearn.model_selection import GridSearchCV\n",
    "from catboost import CatBoostClassifier\n",
    "from lightgbm.sklearn import LGBMClassifier\n",
    "from sklearn.tree import DecisionTreeClassifier\n",
    "from xgboost import XGBClassifier"
   ]
  },
  {
   "cell_type": "code",
   "execution_count": 41,
   "outputs": [],
   "source": [
    "adata_nonsmkr = sc.read_text('data/internal_nonsmokerslung.expression.txt', delimiter='\\t').T\n",
    "adata_smkr = sc.read_text('data/internal_smokerslung.expression.txt', delimiter='\\t').T\n",
    "\n",
    "df_nonsmkr_meta = pd.read_csv('./data/internal_nonsmokerslung.meta.txt', sep=\"\\t\", index_col=0)\n",
    "df_smkr_meta = pd.read_csv('./data/internal_smokerslung.meta.txt', sep=\"\\t\", index_col=0)"
   ],
   "metadata": {
    "collapsed": false
   }
  },
  {
   "cell_type": "code",
   "execution_count": 45,
   "outputs": [],
   "source": [
    "df_smkr_data_and_meta = pd.concat([adata_smkr.to_df(), df_smkr_meta], axis=1)\n",
    "df_nonsmkr_data_and_meta = pd.concat([adata_nonsmkr.to_df(), df_nonsmkr_meta], axis=1)"
   ],
   "metadata": {
    "collapsed": false
   }
  },
  {
   "cell_type": "code",
   "execution_count": 46,
   "outputs": [
    {
     "data": {
      "text/plain": "                          ACE2  TMPRSS2  IL6R  IL6ST  PCSK1  IL6  PCSK2  CTSE  \\\n2B1_cell28_HU32            0.0      0.0   0.0    0.0    0.0  0.0    0.0   0.0   \n2B1_cell8133_HU32          0.0      0.0   0.0    0.0    0.0  0.0    0.0   0.0   \n2B1_cell12019_HU32         0.0      0.0   0.0    0.0    0.0  0.0    0.0   0.0   \n2B1_cell19486_HU32         0.0      0.0   0.0    0.0    0.0  0.0    0.0   0.0   \n2B1_cell25183_HU32         0.0      0.0   1.0    0.0    0.0  0.0    0.0   0.0   \n...                        ...      ...   ...    ...    ...  ...    ...   ...   \nRP2_neg_cell6783361_HU52   0.0      0.0   0.0    0.0    0.0  0.0    0.0   0.0   \nRP2_neg_cell6784441_HU52   0.0      0.0   0.0    0.0    0.0  0.0    0.0   0.0   \nRP2_neg_cell6785080_HU52   0.0      0.0   1.0    2.0    0.0  0.0    0.0   0.0   \nRP2_neg_cell6794209_HU52   0.0      0.0   0.0   13.0    0.0  9.0    0.0   0.0   \nRP2_neg_cell6794225_HU52   0.0      0.0   0.0    0.0    0.0  0.0    0.0   0.0   \n\n                          MYRF  MAG  ...                CellType  Patient_ID  \\\n2B1_cell28_HU32            0.0  0.0  ...      Epithelial (Basal)           2   \n2B1_cell8133_HU32          0.0  0.0  ...  Epithelial (Secretory)           2   \n2B1_cell12019_HU32         0.0  0.0  ...      Epithelial (Basal)           2   \n2B1_cell19486_HU32         0.0  0.0  ...      Epithelial (Basal)           2   \n2B1_cell25183_HU32         0.0  0.0  ...      Epithelial (Basal)           2   \n...                        ...  ...  ...                     ...         ...   \nRP2_neg_cell6783361_HU52   0.0  0.0  ...        Epithelial (AT1)           6   \nRP2_neg_cell6784441_HU52   0.0  0.0  ...     Immune (Lymphocyte)           6   \nRP2_neg_cell6785080_HU52   0.0  0.0  ...    Stromal (Fibroblast)           6   \nRP2_neg_cell6794209_HU52   0.0  0.0  ...   Stromal (Endothelial)           6   \nRP2_neg_cell6794225_HU52   0.0  0.0  ...     Immune (Lymphocyte)           6   \n\n                                         filename  \\\n2B1_cell28_HU32           internal_nonsmokerslung   \n2B1_cell8133_HU32         internal_nonsmokerslung   \n2B1_cell12019_HU32        internal_nonsmokerslung   \n2B1_cell19486_HU32        internal_nonsmokerslung   \n2B1_cell25183_HU32        internal_nonsmokerslung   \n...                                           ...   \nRP2_neg_cell6783361_HU52  internal_nonsmokerslung   \nRP2_neg_cell6784441_HU52  internal_nonsmokerslung   \nRP2_neg_cell6785080_HU52  internal_nonsmokerslung   \nRP2_neg_cell6794209_HU52  internal_nonsmokerslung   \nRP2_neg_cell6794225_HU52  internal_nonsmokerslung   \n\n                                                              dataset  nUMIs  \\\n2B1_cell28_HU32           Lung_Non-smoker_Regev/Rajagopal_unpublished   3057   \n2B1_cell8133_HU32         Lung_Non-smoker_Regev/Rajagopal_unpublished  16077   \n2B1_cell12019_HU32        Lung_Non-smoker_Regev/Rajagopal_unpublished   1541   \n2B1_cell19486_HU32        Lung_Non-smoker_Regev/Rajagopal_unpublished   1222   \n2B1_cell25183_HU32        Lung_Non-smoker_Regev/Rajagopal_unpublished  15764   \n...                                                               ...    ...   \nRP2_neg_cell6783361_HU52  Lung_Non-smoker_Regev/Rajagopal_unpublished   2741   \nRP2_neg_cell6784441_HU52  Lung_Non-smoker_Regev/Rajagopal_unpublished   1509   \nRP2_neg_cell6785080_HU52  Lung_Non-smoker_Regev/Rajagopal_unpublished   2441   \nRP2_neg_cell6794209_HU52  Lung_Non-smoker_Regev/Rajagopal_unpublished   5154   \nRP2_neg_cell6794225_HU52  Lung_Non-smoker_Regev/Rajagopal_unpublished   2673   \n\n                                Sample_ID  Gender    Age  \\\n2B1_cell28_HU32           10x_HU32_180121       M  20-30   \n2B1_cell8133_HU32         10x_HU32_180121       M  20-30   \n2B1_cell12019_HU32        10x_HU32_180121       M  20-30   \n2B1_cell19486_HU32        10x_HU32_180121       M  20-30   \n2B1_cell25183_HU32        10x_HU32_180121       M  20-30   \n...                                   ...     ...    ...   \nRP2_neg_cell6783361_HU52  10x_HU52_190405       F  60-70   \nRP2_neg_cell6784441_HU52  10x_HU52_190405       F  60-70   \nRP2_neg_cell6785080_HU52  10x_HU52_190405       F  60-70   \nRP2_neg_cell6794209_HU52  10x_HU52_190405       F  60-70   \nRP2_neg_cell6794225_HU52  10x_HU52_190405       F  60-70   \n\n                                          barcodes  Count  \n2B1_cell28_HU32                    2B1_cell28_HU32      1  \n2B1_cell8133_HU32                2B1_cell8133_HU32      1  \n2B1_cell12019_HU32              2B1_cell12019_HU32      1  \n2B1_cell19486_HU32              2B1_cell19486_HU32      1  \n2B1_cell25183_HU32              2B1_cell25183_HU32      1  \n...                                            ...    ...  \nRP2_neg_cell6783361_HU52  RP2_neg_cell6783361_HU52      1  \nRP2_neg_cell6784441_HU52  RP2_neg_cell6784441_HU52      1  \nRP2_neg_cell6785080_HU52  RP2_neg_cell6785080_HU52      1  \nRP2_neg_cell6794209_HU52  RP2_neg_cell6794209_HU52      1  \nRP2_neg_cell6794225_HU52  RP2_neg_cell6794225_HU52      1  \n\n[277224 rows x 38 columns]",
      "text/html": "<div>\n<style scoped>\n    .dataframe tbody tr th:only-of-type {\n        vertical-align: middle;\n    }\n\n    .dataframe tbody tr th {\n        vertical-align: top;\n    }\n\n    .dataframe thead th {\n        text-align: right;\n    }\n</style>\n<table border=\"1\" class=\"dataframe\">\n  <thead>\n    <tr style=\"text-align: right;\">\n      <th></th>\n      <th>ACE2</th>\n      <th>TMPRSS2</th>\n      <th>IL6R</th>\n      <th>IL6ST</th>\n      <th>PCSK1</th>\n      <th>IL6</th>\n      <th>PCSK2</th>\n      <th>CTSE</th>\n      <th>MYRF</th>\n      <th>MAG</th>\n      <th>...</th>\n      <th>CellType</th>\n      <th>Patient_ID</th>\n      <th>filename</th>\n      <th>dataset</th>\n      <th>nUMIs</th>\n      <th>Sample_ID</th>\n      <th>Gender</th>\n      <th>Age</th>\n      <th>barcodes</th>\n      <th>Count</th>\n    </tr>\n  </thead>\n  <tbody>\n    <tr>\n      <th>2B1_cell28_HU32</th>\n      <td>0.0</td>\n      <td>0.0</td>\n      <td>0.0</td>\n      <td>0.0</td>\n      <td>0.0</td>\n      <td>0.0</td>\n      <td>0.0</td>\n      <td>0.0</td>\n      <td>0.0</td>\n      <td>0.0</td>\n      <td>...</td>\n      <td>Epithelial (Basal)</td>\n      <td>2</td>\n      <td>internal_nonsmokerslung</td>\n      <td>Lung_Non-smoker_Regev/Rajagopal_unpublished</td>\n      <td>3057</td>\n      <td>10x_HU32_180121</td>\n      <td>M</td>\n      <td>20-30</td>\n      <td>2B1_cell28_HU32</td>\n      <td>1</td>\n    </tr>\n    <tr>\n      <th>2B1_cell8133_HU32</th>\n      <td>0.0</td>\n      <td>0.0</td>\n      <td>0.0</td>\n      <td>0.0</td>\n      <td>0.0</td>\n      <td>0.0</td>\n      <td>0.0</td>\n      <td>0.0</td>\n      <td>0.0</td>\n      <td>0.0</td>\n      <td>...</td>\n      <td>Epithelial (Secretory)</td>\n      <td>2</td>\n      <td>internal_nonsmokerslung</td>\n      <td>Lung_Non-smoker_Regev/Rajagopal_unpublished</td>\n      <td>16077</td>\n      <td>10x_HU32_180121</td>\n      <td>M</td>\n      <td>20-30</td>\n      <td>2B1_cell8133_HU32</td>\n      <td>1</td>\n    </tr>\n    <tr>\n      <th>2B1_cell12019_HU32</th>\n      <td>0.0</td>\n      <td>0.0</td>\n      <td>0.0</td>\n      <td>0.0</td>\n      <td>0.0</td>\n      <td>0.0</td>\n      <td>0.0</td>\n      <td>0.0</td>\n      <td>0.0</td>\n      <td>0.0</td>\n      <td>...</td>\n      <td>Epithelial (Basal)</td>\n      <td>2</td>\n      <td>internal_nonsmokerslung</td>\n      <td>Lung_Non-smoker_Regev/Rajagopal_unpublished</td>\n      <td>1541</td>\n      <td>10x_HU32_180121</td>\n      <td>M</td>\n      <td>20-30</td>\n      <td>2B1_cell12019_HU32</td>\n      <td>1</td>\n    </tr>\n    <tr>\n      <th>2B1_cell19486_HU32</th>\n      <td>0.0</td>\n      <td>0.0</td>\n      <td>0.0</td>\n      <td>0.0</td>\n      <td>0.0</td>\n      <td>0.0</td>\n      <td>0.0</td>\n      <td>0.0</td>\n      <td>0.0</td>\n      <td>0.0</td>\n      <td>...</td>\n      <td>Epithelial (Basal)</td>\n      <td>2</td>\n      <td>internal_nonsmokerslung</td>\n      <td>Lung_Non-smoker_Regev/Rajagopal_unpublished</td>\n      <td>1222</td>\n      <td>10x_HU32_180121</td>\n      <td>M</td>\n      <td>20-30</td>\n      <td>2B1_cell19486_HU32</td>\n      <td>1</td>\n    </tr>\n    <tr>\n      <th>2B1_cell25183_HU32</th>\n      <td>0.0</td>\n      <td>0.0</td>\n      <td>1.0</td>\n      <td>0.0</td>\n      <td>0.0</td>\n      <td>0.0</td>\n      <td>0.0</td>\n      <td>0.0</td>\n      <td>0.0</td>\n      <td>0.0</td>\n      <td>...</td>\n      <td>Epithelial (Basal)</td>\n      <td>2</td>\n      <td>internal_nonsmokerslung</td>\n      <td>Lung_Non-smoker_Regev/Rajagopal_unpublished</td>\n      <td>15764</td>\n      <td>10x_HU32_180121</td>\n      <td>M</td>\n      <td>20-30</td>\n      <td>2B1_cell25183_HU32</td>\n      <td>1</td>\n    </tr>\n    <tr>\n      <th>...</th>\n      <td>...</td>\n      <td>...</td>\n      <td>...</td>\n      <td>...</td>\n      <td>...</td>\n      <td>...</td>\n      <td>...</td>\n      <td>...</td>\n      <td>...</td>\n      <td>...</td>\n      <td>...</td>\n      <td>...</td>\n      <td>...</td>\n      <td>...</td>\n      <td>...</td>\n      <td>...</td>\n      <td>...</td>\n      <td>...</td>\n      <td>...</td>\n      <td>...</td>\n      <td>...</td>\n    </tr>\n    <tr>\n      <th>RP2_neg_cell6783361_HU52</th>\n      <td>0.0</td>\n      <td>0.0</td>\n      <td>0.0</td>\n      <td>0.0</td>\n      <td>0.0</td>\n      <td>0.0</td>\n      <td>0.0</td>\n      <td>0.0</td>\n      <td>0.0</td>\n      <td>0.0</td>\n      <td>...</td>\n      <td>Epithelial (AT1)</td>\n      <td>6</td>\n      <td>internal_nonsmokerslung</td>\n      <td>Lung_Non-smoker_Regev/Rajagopal_unpublished</td>\n      <td>2741</td>\n      <td>10x_HU52_190405</td>\n      <td>F</td>\n      <td>60-70</td>\n      <td>RP2_neg_cell6783361_HU52</td>\n      <td>1</td>\n    </tr>\n    <tr>\n      <th>RP2_neg_cell6784441_HU52</th>\n      <td>0.0</td>\n      <td>0.0</td>\n      <td>0.0</td>\n      <td>0.0</td>\n      <td>0.0</td>\n      <td>0.0</td>\n      <td>0.0</td>\n      <td>0.0</td>\n      <td>0.0</td>\n      <td>0.0</td>\n      <td>...</td>\n      <td>Immune (Lymphocyte)</td>\n      <td>6</td>\n      <td>internal_nonsmokerslung</td>\n      <td>Lung_Non-smoker_Regev/Rajagopal_unpublished</td>\n      <td>1509</td>\n      <td>10x_HU52_190405</td>\n      <td>F</td>\n      <td>60-70</td>\n      <td>RP2_neg_cell6784441_HU52</td>\n      <td>1</td>\n    </tr>\n    <tr>\n      <th>RP2_neg_cell6785080_HU52</th>\n      <td>0.0</td>\n      <td>0.0</td>\n      <td>1.0</td>\n      <td>2.0</td>\n      <td>0.0</td>\n      <td>0.0</td>\n      <td>0.0</td>\n      <td>0.0</td>\n      <td>0.0</td>\n      <td>0.0</td>\n      <td>...</td>\n      <td>Stromal (Fibroblast)</td>\n      <td>6</td>\n      <td>internal_nonsmokerslung</td>\n      <td>Lung_Non-smoker_Regev/Rajagopal_unpublished</td>\n      <td>2441</td>\n      <td>10x_HU52_190405</td>\n      <td>F</td>\n      <td>60-70</td>\n      <td>RP2_neg_cell6785080_HU52</td>\n      <td>1</td>\n    </tr>\n    <tr>\n      <th>RP2_neg_cell6794209_HU52</th>\n      <td>0.0</td>\n      <td>0.0</td>\n      <td>0.0</td>\n      <td>13.0</td>\n      <td>0.0</td>\n      <td>9.0</td>\n      <td>0.0</td>\n      <td>0.0</td>\n      <td>0.0</td>\n      <td>0.0</td>\n      <td>...</td>\n      <td>Stromal (Endothelial)</td>\n      <td>6</td>\n      <td>internal_nonsmokerslung</td>\n      <td>Lung_Non-smoker_Regev/Rajagopal_unpublished</td>\n      <td>5154</td>\n      <td>10x_HU52_190405</td>\n      <td>F</td>\n      <td>60-70</td>\n      <td>RP2_neg_cell6794209_HU52</td>\n      <td>1</td>\n    </tr>\n    <tr>\n      <th>RP2_neg_cell6794225_HU52</th>\n      <td>0.0</td>\n      <td>0.0</td>\n      <td>0.0</td>\n      <td>0.0</td>\n      <td>0.0</td>\n      <td>0.0</td>\n      <td>0.0</td>\n      <td>0.0</td>\n      <td>0.0</td>\n      <td>0.0</td>\n      <td>...</td>\n      <td>Immune (Lymphocyte)</td>\n      <td>6</td>\n      <td>internal_nonsmokerslung</td>\n      <td>Lung_Non-smoker_Regev/Rajagopal_unpublished</td>\n      <td>2673</td>\n      <td>10x_HU52_190405</td>\n      <td>F</td>\n      <td>60-70</td>\n      <td>RP2_neg_cell6794225_HU52</td>\n      <td>1</td>\n    </tr>\n  </tbody>\n</table>\n<p>277224 rows × 38 columns</p>\n</div>"
     },
     "execution_count": 46,
     "metadata": {},
     "output_type": "execute_result"
    }
   ],
   "source": [
    "df_nonsmkr_data_and_meta"
   ],
   "metadata": {
    "collapsed": false
   }
  },
  {
   "cell_type": "code",
   "execution_count": 3,
   "outputs": [
    {
     "data": {
      "text/plain": "Index(['ACE2', 'TMPRSS2', 'IL6R', 'IL6ST', 'PCSK1', 'IL6', 'PCSK2', 'CTSE',\n       'MYRF', 'MAG', 'MOG', 'MBP', 'PLP1', 'FURIN', 'PCSK4', 'PCSK5', 'PCSK6',\n       'PCSK7', 'C1R', 'C2', 'C3', 'C5', 'CFI', 'CTSS', 'CTSL', 'CTSB',\n       'CTSC'],\n      dtype='object')"
     },
     "execution_count": 3,
     "metadata": {},
     "output_type": "execute_result"
    }
   ],
   "source": [
    "adata_nonsmkr.var_names"
   ],
   "metadata": {
    "collapsed": false
   }
  },
  {
   "cell_type": "markdown",
   "source": [
    "### Calculate Correlation Matrix"
   ],
   "metadata": {
    "collapsed": false
   }
  },
  {
   "cell_type": "code",
   "execution_count": 222,
   "outputs": [
    {
     "data": {
      "text/plain": "array([[ 1.00000000e+00,  5.00454777e-02,  2.51811820e-02,\n         3.39153322e-02, -2.71424908e-03,  5.05733189e-03,\n         7.48698807e-03,  1.48248897e-03,  3.98810389e-02,\n         1.62095072e-04, -2.32415189e-03,  6.41279656e-02,\n        -4.95403321e-04,  3.01592816e-02,  1.12629693e-02,\n         2.75662037e-02,  1.38196936e-02,  4.07984476e-02,\n         9.90450984e-04,  1.85797192e-02,  6.22884204e-02,\n         2.03225454e-02,  3.29944145e-02,  6.48223825e-02,\n         1.36667456e-02,  7.75633175e-02,  7.96191432e-02],\n       [ 5.00454777e-02,  1.00000000e+00,  1.53637648e-01,\n         1.77563590e-01, -8.86693904e-03, -2.75376381e-03,\n         1.65671952e-01,  1.84972348e-01,  5.00921367e-02,\n         1.57389134e-02,  9.35706394e-05,  9.94253720e-02,\n        -2.31200809e-03,  1.24174824e-01,  4.58476474e-02,\n         3.16434427e-02,  4.02124944e-02, -9.30026926e-03,\n         7.25354227e-02,  3.81377426e-01,  3.48145052e-01,\n         1.38132968e-01,  2.00752661e-01,  1.51742002e-01,\n         3.46242689e-02,  1.85266273e-02,  3.23550577e-02],\n       [ 2.51811820e-02,  1.53637648e-01,  1.00000000e+00,\n         1.25947379e-01, -2.32428742e-03,  1.25233805e-02,\n         8.55080804e-02,  1.12401559e-01,  3.87888161e-02,\n         1.77129968e-02,  3.09449764e-03,  7.47620506e-02,\n        -1.74860921e-03,  9.21085942e-02,  2.98123432e-02,\n         4.03058301e-02,  2.52300316e-02,  3.93382673e-02,\n         7.83687387e-02,  1.70980169e-01,  1.59141401e-01,\n         6.61103840e-02,  9.99586319e-02,  8.12411734e-02,\n         5.19463578e-02,  7.29532355e-02,  2.88641153e-02],\n       [ 3.39153322e-02,  1.77563590e-01,  1.25947379e-01,\n         1.00000000e+00,  1.06712819e-02,  1.06256406e-01,\n         1.02288214e-01,  8.45305201e-02,  2.87344428e-02,\n         1.98662410e-03,  2.51498375e-03,  1.42181330e-01,\n         2.61466621e-03,  1.29797768e-01,  2.84593455e-02,\n         8.78710341e-02,  4.56081389e-02,  1.08370765e-01,\n         1.83365999e-01,  2.02501472e-01,  2.57315562e-01,\n         8.72823700e-02,  1.69955171e-01,  9.40661033e-02,\n         1.14111864e-01,  1.76867581e-01,  1.36812136e-01],\n       [-2.71424908e-03, -8.86693904e-03, -2.32428742e-03,\n         1.06712819e-02,  1.00000000e+00,  5.24501059e-03,\n         1.10754957e-02, -7.71210368e-03, -3.21945695e-03,\n        -7.20812051e-04, -5.31156875e-04,  1.26562519e-03,\n        -1.13218452e-04,  1.23909726e-02, -2.71545341e-03,\n         1.41914799e-02, -2.72269278e-03,  1.14089993e-02,\n         9.38340162e-03, -1.05528761e-02, -6.86440058e-03,\n        -5.00896925e-03, -4.04729397e-03, -9.79905439e-03,\n         1.19728290e-02,  8.54454669e-03,  2.76414329e-03],\n       [ 5.05733189e-03, -2.75376381e-03,  1.25233805e-02,\n         1.06256406e-01,  5.24501059e-03,  1.00000000e+00,\n         1.55049175e-02, -1.82845375e-02, -2.42391509e-02,\n        -6.67383710e-03,  5.33312093e-05, -1.70106311e-02,\n         6.46120713e-03,  3.22589512e-02, -4.50794104e-03,\n         4.78917991e-02,  6.75052411e-03,  3.74205678e-02,\n         1.52294667e-01,  2.28058675e-02,  8.51637593e-02,\n         1.96063526e-02,  8.23035320e-02,  3.83169715e-03,\n         1.46082004e-01,  3.55052287e-02,  5.16614145e-02],\n       [ 7.48698807e-03,  1.65671952e-01,  8.55080804e-02,\n         1.02288214e-01,  1.10754957e-02,  1.55049175e-02,\n         1.00000000e+00,  1.05257747e-01, -2.58333204e-02,\n         2.04170123e-03,  3.64189172e-03,  2.62852558e-02,\n        -8.75958250e-04,  7.12487240e-02,  3.25001782e-03,\n        -7.08893303e-03, -2.97667419e-03, -3.11025113e-02,\n         7.56214449e-02,  2.46817214e-01,  1.72566670e-01,\n         7.81456505e-02,  1.22204709e-01,  5.46731194e-02,\n         3.43209290e-02, -3.71365203e-02, -2.75421149e-02],\n       [ 1.48248897e-03,  1.84972348e-01,  1.12401559e-01,\n         8.45305201e-02, -7.71210368e-03, -1.82845375e-02,\n         1.05257747e-01,  1.00000000e+00,  7.97861785e-02,\n         4.36457196e-02, -4.77178605e-03, -2.21687555e-03,\n        -1.40760913e-03,  6.26475938e-02,  1.21304834e-03,\n        -2.30628534e-02,  1.74807378e-03, -3.77333459e-02,\n         8.29002407e-02,  2.25033073e-01,  1.72271691e-01,\n         8.27570005e-02,  1.65263144e-01,  4.51238682e-02,\n         6.13946936e-02, -9.54034516e-02, -8.61322100e-02],\n       [ 3.98810389e-02,  5.00921367e-02,  3.87888161e-02,\n         2.87344428e-02, -3.21945695e-03, -2.42391509e-02,\n        -2.58333204e-02,  7.97861785e-02,  1.00000000e+00,\n         3.81456087e-02, -2.00394250e-03,  9.40501433e-02,\n        -9.59731498e-04,  4.62415050e-02,  2.32157052e-02,\n         4.28468547e-02,  1.70673248e-02,  8.91995713e-02,\n        -5.54794974e-02, -6.21610795e-02,  1.02625445e-02,\n        -8.68860036e-03, -4.38992607e-03,  4.48801011e-02,\n         5.39445415e-03,  1.02489498e-01,  9.63801750e-02],\n       [ 1.62095072e-04,  1.57389134e-02,  1.77129968e-02,\n         1.98662410e-03, -7.20812051e-04, -6.67383710e-03,\n         2.04170123e-03,  4.36457196e-02,  3.81456087e-02,\n         1.00000000e+00, -6.17215533e-04, -1.48107631e-03,\n        -1.31562238e-04,  2.00657900e-04, -3.15541435e-03,\n        -1.46595361e-03, -3.16382665e-03, -6.25756715e-04,\n        -3.24444909e-03, -1.07760807e-03, -4.22826320e-03,\n         5.23188894e-03,  9.62756849e-04, -5.94292491e-03,\n         4.83801380e-03, -1.21168760e-02, -1.38117324e-02],\n       [-2.32415189e-03,  9.35706394e-05,  3.09449764e-03,\n         2.51498375e-03, -5.31156875e-04,  5.33312093e-05,\n         3.64189172e-03, -4.77178605e-03, -2.00394250e-03,\n        -6.17215533e-04,  1.00000000e+00,  3.39968204e-03,\n        -9.69464748e-05, -7.66591758e-04,  2.22256052e-03,\n         6.48198790e-03,  2.15184171e-03,  4.95718088e-03,\n         6.00489534e-04, -7.26723095e-03, -4.75293257e-03,\n         7.08075340e-04, -4.08118935e-04,  4.05261818e-04,\n         2.23364285e-03,  6.62217086e-03,  1.28722640e-03],\n       [ 6.41279656e-02,  9.94253720e-02,  7.47620506e-02,\n         1.42181330e-01,  1.26562519e-03, -1.70106311e-02,\n         2.62852558e-02, -2.21687555e-03,  9.40501433e-02,\n        -1.48107631e-03,  3.39968204e-03,  1.00000000e+00,\n         2.27743640e-03,  1.07177170e-01,  5.14315171e-02,\n         1.08998491e-01,  5.51537379e-02,  1.69963941e-01,\n        -2.30146375e-02,  1.64624832e-02,  1.31427047e-01,\n         2.43406178e-02,  6.33021980e-02,  1.67695444e-01,\n         1.46851637e-02,  3.34722754e-01,  2.81400536e-01],\n       [-4.95403321e-04, -2.31200809e-03, -1.74860921e-03,\n         2.61466621e-03, -1.13218452e-04,  6.46120713e-03,\n        -8.75958250e-04, -1.40760913e-03, -9.59731498e-04,\n        -1.31562238e-04, -9.69464748e-05,  2.27743640e-03,\n         1.00000000e+00, -1.70455551e-03, -4.95623136e-04,\n         8.82452410e-03, -4.96944461e-04, -2.56105168e-03,\n         3.96066872e-03,  1.85438800e-03,  2.87627983e-03,\n        -9.14234447e-04, -1.86127041e-03,  1.37527741e-03,\n        -2.09298342e-03,  1.07391546e-03, -3.23391608e-03],\n       [ 3.01592816e-02,  1.24174824e-01,  9.21085942e-02,\n         1.29797768e-01,  1.23909726e-02,  3.22589512e-02,\n         7.12487240e-02,  6.26475938e-02,  4.62415050e-02,\n         2.00657900e-04, -7.66591758e-04,  1.07177170e-01,\n        -1.70455551e-03,  1.00000000e+00,  2.56915821e-02,\n         4.04632298e-02,  3.85008166e-02,  6.37498459e-02,\n         3.33903511e-02,  1.36120609e-01,  1.48114883e-01,\n         5.62433911e-02,  9.13007219e-02,  9.01540753e-02,\n         3.70755442e-02,  1.23659760e-01,  8.94180612e-02],\n       [ 1.12629693e-02,  4.58476474e-02,  2.98123432e-02,\n         2.84593455e-02, -2.71545341e-03, -4.50794104e-03,\n         3.25001782e-03,  1.21304834e-03,  2.32157052e-02,\n        -3.15541435e-03,  2.22256052e-03,  5.14315171e-02,\n        -4.95623136e-04,  2.56915821e-02,  1.00000000e+00,\n         5.63497892e-02,  4.14833808e-02,  3.17024127e-02,\n        -2.80911884e-03,  9.58818748e-03,  4.93125719e-02,\n         1.62951140e-02,  1.64845145e-02,  6.01568418e-02,\n         2.58473683e-02,  5.47215913e-02,  3.92643706e-02],\n       [ 2.75662037e-02,  3.16434427e-02,  4.03058301e-02,\n         8.78710341e-02,  1.41914799e-02,  4.78917991e-02,\n        -7.08893303e-03, -2.30628534e-02,  4.28468547e-02,\n        -1.46595361e-03,  6.48198790e-03,  1.08998491e-01,\n         8.82452410e-03,  4.04632298e-02,  5.63497892e-02,\n         1.00000000e+00,  3.52752352e-02,  1.06314929e-01,\n         5.99065915e-02, -2.78037266e-02,  7.62638118e-02,\n         1.05021266e-02,  2.86455302e-02,  8.81505376e-02,\n         6.75901662e-02,  1.57639951e-01,  1.23992290e-01],\n       [ 1.38196936e-02,  4.02124944e-02,  2.52300316e-02,\n         4.56081389e-02, -2.72269278e-03,  6.75052411e-03,\n        -2.97667419e-03,  1.74807378e-03,  1.70673248e-02,\n        -3.16382665e-03,  2.15184171e-03,  5.51537379e-02,\n        -4.96944461e-04,  3.85008166e-02,  4.14833808e-02,\n         3.52752352e-02,  1.00000000e+00,  4.36502889e-02,\n         5.69261724e-03,  1.72584494e-02,  6.06304955e-02,\n         1.20922725e-02,  2.83257072e-02,  3.86938443e-02,\n         1.86305639e-02,  7.24189318e-02,  4.88986713e-02],\n       [ 4.07984476e-02, -9.30026926e-03,  3.93382673e-02,\n         1.08370765e-01,  1.14089993e-02,  3.74205678e-02,\n        -3.11025113e-02, -3.77333459e-02,  8.91995713e-02,\n        -6.25756715e-04,  4.95718088e-03,  1.69963941e-01,\n        -2.56105168e-03,  6.37498459e-02,  3.17024127e-02,\n         1.06314929e-01,  4.36502889e-02,  1.00000000e+00,\n         4.89565200e-02, -1.03537351e-01,  2.36064216e-02,\n        -1.67311616e-02,  8.26511905e-03,  6.36327290e-02,\n         4.90125246e-02,  2.51852326e-01,  2.01083738e-01],\n       [ 9.90450984e-04,  7.25354227e-02,  7.83687387e-02,\n         1.83365999e-01,  9.38340162e-03,  1.52294667e-01,\n         7.56214449e-02,  8.29002407e-02, -5.54794974e-02,\n        -3.24444909e-03,  6.00489534e-04, -2.30146375e-02,\n         3.96066872e-03,  3.33903511e-02, -2.80911884e-03,\n         5.99065915e-02,  5.69261724e-03,  4.89565200e-02,\n         1.00000000e+00,  1.78817388e-01,  2.17548601e-01,\n         8.40486669e-02,  1.71947557e-01, -1.74617929e-02,\n         1.92776848e-01,  1.33939351e-02,  4.48875753e-04],\n       [ 1.85797192e-02,  3.81377426e-01,  1.70980169e-01,\n         2.02501472e-01, -1.05528761e-02,  2.28058675e-02,\n         2.46817214e-01,  2.25033073e-01, -6.21610795e-02,\n        -1.07760807e-03, -7.26723095e-03,  1.64624832e-02,\n         1.85438800e-03,  1.36120609e-01,  9.58818748e-03,\n        -2.78037266e-02,  1.72584494e-02, -1.03537351e-01,\n         1.78817388e-01,  1.00000000e+00,  4.48968852e-01,\n         2.06722952e-01,  2.94173316e-01,  1.34924289e-01,\n         7.76070319e-02, -1.18387322e-01, -7.32301492e-02],\n       [ 6.22884204e-02,  3.48145052e-01,  1.59141401e-01,\n         2.57315562e-01, -6.86440058e-03,  8.51637593e-02,\n         1.72566670e-01,  1.72271691e-01,  1.02625445e-02,\n        -4.22826320e-03, -4.75293257e-03,  1.31427047e-01,\n         2.87627983e-03,  1.48114883e-01,  4.93125719e-02,\n         7.62638118e-02,  6.06304955e-02,  2.36064216e-02,\n         2.17548601e-01,  4.48968852e-01,  1.00000000e+00,\n         1.55016572e-01,  2.81371585e-01,  1.77366559e-01,\n         9.61623546e-02,  9.57576876e-02,  1.32476570e-01],\n       [ 2.03225454e-02,  1.38132968e-01,  6.61103840e-02,\n         8.72823700e-02, -5.00896925e-03,  1.96063526e-02,\n         7.81456505e-02,  8.27570005e-02, -8.68860036e-03,\n         5.23188894e-03,  7.08075340e-04,  2.43406178e-02,\n        -9.14234447e-04,  5.62433911e-02,  1.62951140e-02,\n         1.05021266e-02,  1.20922725e-02, -1.67311616e-02,\n         8.40486669e-02,  2.06722952e-01,  1.55016572e-01,\n         1.00000000e+00,  1.26524234e-01,  6.08480100e-02,\n         4.64228878e-02, -1.53538368e-02, -2.55132596e-03],\n       [ 3.29944145e-02,  2.00752661e-01,  9.99586319e-02,\n         1.69955171e-01, -4.04729397e-03,  8.23035320e-02,\n         1.22204709e-01,  1.65263144e-01, -4.38992607e-03,\n         9.62756849e-04, -4.08118935e-04,  6.33021980e-02,\n        -1.86127041e-03,  9.13007219e-02,  1.64845145e-02,\n         2.86455302e-02,  2.83257072e-02,  8.26511905e-03,\n         1.71947557e-01,  2.94173316e-01,  2.81371585e-01,\n         1.26524234e-01,  1.00000000e+00,  1.24656884e-01,\n         1.18354649e-01,  4.39815979e-02,  6.50804326e-02],\n       [ 6.48223825e-02,  1.51742002e-01,  8.12411734e-02,\n         9.40661033e-02, -9.79905439e-03,  3.83169715e-03,\n         5.46731194e-02,  4.51238682e-02,  4.48801011e-02,\n        -5.94292491e-03,  4.05261818e-04,  1.67695444e-01,\n         1.37527741e-03,  9.01540753e-02,  6.01568418e-02,\n         8.81505376e-02,  3.86938443e-02,  6.36327290e-02,\n        -1.74617929e-02,  1.34924289e-01,  1.77366559e-01,\n         6.08480100e-02,  1.24656884e-01,  1.00000000e+00,\n         1.17537382e-01,  2.69749171e-01,  2.44221903e-01],\n       [ 1.36667456e-02,  3.46242689e-02,  5.19463578e-02,\n         1.14111864e-01,  1.19728290e-02,  1.46082004e-01,\n         3.43209290e-02,  6.13946936e-02,  5.39445415e-03,\n         4.83801380e-03,  2.23364285e-03,  1.46851637e-02,\n        -2.09298342e-03,  3.70755442e-02,  2.58473683e-02,\n         6.75901662e-02,  1.86305639e-02,  4.90125246e-02,\n         1.92776848e-01,  7.76070319e-02,  9.61623546e-02,\n         4.64228878e-02,  1.18354649e-01,  1.17537382e-01,\n         1.00000000e+00,  1.00487324e-01,  8.47794080e-02],\n       [ 7.75633175e-02,  1.85266273e-02,  7.29532355e-02,\n         1.76867581e-01,  8.54454669e-03,  3.55052287e-02,\n        -3.71365203e-02, -9.54034516e-02,  1.02489498e-01,\n        -1.21168760e-02,  6.62217086e-03,  3.34722754e-01,\n         1.07391546e-03,  1.23659760e-01,  5.47215913e-02,\n         1.57639951e-01,  7.24189318e-02,  2.51852326e-01,\n         1.33939351e-02, -1.18387322e-01,  9.57576876e-02,\n        -1.53538368e-02,  4.39815979e-02,  2.69749171e-01,\n         1.00487324e-01,  1.00000000e+00,  4.96786088e-01],\n       [ 7.96191432e-02,  3.23550577e-02,  2.88641153e-02,\n         1.36812136e-01,  2.76414329e-03,  5.16614145e-02,\n        -2.75421149e-02, -8.61322100e-02,  9.63801750e-02,\n        -1.38117324e-02,  1.28722640e-03,  2.81400536e-01,\n        -3.23391608e-03,  8.94180612e-02,  3.92643706e-02,\n         1.23992290e-01,  4.88986713e-02,  2.01083738e-01,\n         4.48875753e-04, -7.32301492e-02,  1.32476570e-01,\n        -2.55132596e-03,  6.50804326e-02,  2.44221903e-01,\n         8.47794080e-02,  4.96786088e-01,  1.00000000e+00]])"
     },
     "execution_count": 222,
     "metadata": {},
     "output_type": "execute_result"
    }
   ],
   "source": [
    "X = adata_nonsmkr.X\n",
    "# corr_matrix_nonsmkr = np.corrcoef(X, rowvar=False) #pearson correlation\n",
    "corr_matrix_nonsmkr, spearman_p_vals = spearmanr(X) #spearman correlation\n",
    "X = adata_smkr.X\n",
    "# corr_matrix_smkr = np.corrcoef(X, rowvar=False) #pearson correlation\n",
    "corr_matrix_smkr, spearman_p_vals = spearmanr(X) #spearman correlation\n",
    "\n",
    "corr_matrix_smkr"
   ],
   "metadata": {
    "collapsed": false
   }
  },
  {
   "cell_type": "code",
   "execution_count": 223,
   "outputs": [
    {
     "data": {
      "text/plain": "<Figure size 1000x400 with 4 Axes>",
